Webots Project File version R2025a
perspectives: 000000ff00000000fd00000002000000010000034900000336fc0200000001fb0000001400540065007800740045006400690074006f00720000000015000003360000003f00ffffff0000000300000780000000a4fc0100000001fb0000001a0043006f006e0073006f006c00650041006c006c0041006c006c0100000000000007800000006900ffffff000007800000032100000001000000020000000100000008fc00000000
simulationViewPerspectives: 000000ff0000000100000002000000000000077e0100000002010000000100
sceneTreePerspectives: 000000ff00000001000000030000001e000002a6000000fa0100000002010000000200
maximizedDockId: -1
centralWidgetVisible: 1
orthographicViewHeight: 1
textFiles: -1
consoles: Console:All:All
renderingDevicePerspectives: moose:camera;0;1;0.0256917;0.0368189
